[gd_scene load_steps=4 format=2]

[ext_resource path="res://Scripts/Game.gd" type="Script" id=1]
[ext_resource path="res://Tiles/Terrain.meshlib" type="MeshLibrary" id=2]
[ext_resource path="res://Scripts/Terrain.gd" type="Script" id=3]

[node name="Game" type="Spatial"]
script = ExtResource( 1 )

[node name="Terrain" type="GridMap" parent="."]
transform = Transform( 1, 0, 0, 0, 1, 0, 0, 0, 1, 0, -1, 0 )
mesh_library = ExtResource( 2 )
cell_center_y = false
data = {
"cells": PoolIntArray( 0, 0, 0, 1, 0, 0, 2, 0, 0, 65533, 0, 0, 65534, 0, -1610612736, 65535, 0, 0, 0, 1, -1610612736, 1, 1, -1610612736, 2, 1, 0, 65533, 1, 0, 65534, 1, 0, 65535, 1, 0, 0, 2, -1610612736, 1, 2, 0, 2, 2, 1, 65533, 2, 1, 65534, 2, 0, 65535, 2, 0, 0, 65533, 0, 1, 65533, 0, 2, 65533, 1, 65533, 65533, 1, 65534, 65533, 0, 65535, 65533, 0, 0, 65534, 0, 1, 65534, 0, 2, 65534, 0, 65533, 65534, 0, 65534, 65534, 0, 65535, 65534, 0, 0, 65535, 0, 1, 65535, 0, 2, 65535, 0, 65533, 65535, 0, 65534, 65535, 0, 65535, 65535, 0 )
}
script = ExtResource( 3 )
__meta__ = {
"_editor_clip_": 0
}

[node name="Camera" type="Camera" parent="."]
transform = Transform( 0.707107, -0.612373, 0.353553, 0, 0.5, 0.866025, -0.707107, -0.612372, 0.353553, 3.66343, 9, 3.70882 )
keep_aspect = 0
projection = 1
current = true
size = 20.0

[node name="Camera2" type="Camera" parent="."]
transform = Transform( 0.296642, -0.675279, 0.675279, 1.87146e-08, 0.707107, 0.707107, -0.954989, -0.209757, 0.209757, 9.72925, 9, 2.62478 )
visible = false
keep_aspect = 0
size = 20.0

[node name="DirectionalLight" type="DirectionalLight" parent="."]
transform = Transform( -0.573605, -0.642416, 0.508212, 0.294604, 0.417119, 0.859779, -0.764321, 0.642895, -0.0500029, 0, 11.0369, 0 )
light_energy = 0.3
light_specular = 0.35
shadow_enabled = true
shadow_color = Color( 0.0196078, 0, 0.627451, 1 )
directional_shadow_depth_range = 1
directional_shadow_max_distance = 133.7

[node name="Houses" type="Spatial" parent="."]

[node name="Markers" type="Spatial" parent="."]
